P0: 624.0000000000001 0.0 624.0 0.0 0.0 624.0000000000001 192.0 0.0 0.0 0.0 1.0 0.0
P1: 624.0000000000001 0.0 624.0 0.0 0.0 624.0000000000001 192.0 0.0 0.0 0.0 1.0 0.0
P2: 624.0000000000001 0.0 624.0 0.0 0.0 624.0000000000001 192.0 0.0 0.0 0.0 1.0 0.0
P3: 624.0000000000001 0.0 624.0 0.0 0.0 624.0000000000001 192.0 0.0 0.0 0.0 1.0 0.0
R0_rect: 1.0 0.0 0.0 0.0 1.0 0.0 0.0 0.0 1.0
Tr_velo_to_cam: 0 -1 0 0 0 0 -1 0 1 0 0 0
TR_imu_to_velo: 1.0 0.0 0.0 0.0 0.0 1.0 0.0 0.0 0.0 0.0 1.0 0.0
